7073
0
3
1
1
bhj-b 507
2
1
3
1
4
2
5
1
6
3
7
2
8
3
bddi-i 507
9
3
bddc-j 507
10
1
11
1
12
1
13
1
14
1
15
1
16
1
17
1
18
2
cj-bi 507
19
1
20
3
21
4
ejg-cb 253
fad-cb 253
22
2
23
1
24
2
ejj-ce 507
25
3
cg-cf 92
ejg-cf 322
ica-cf 92
26
1
27
1
28
1
29
2
30
1
31
1
32
1
33
1
fhe-dd 507
34
1
35
1
36
1
37
1
ea-dh 507
38
1
39
1
40
2
41
1
42
1
43
1
44
1
45
1
46
1
47
1
48
2
49
1
50
1
51
1
52
1
53
1
54
1
55
2
ef-ff 507
56
2
fb-fg 507
57
2
fa-fh 507
58
2
59
2
60
1
61
2
62
1
63
1
64
1
65
1
66
1
67
1
68
2
69
1
70
1
71
1
72
1
73
1
74
1
75
1
76
1
77
1
78
1
79
1
80
1
81
1
82
1
83
2
84
1
85
2
86
1
87
1
88
2
89
1
90
1
91
1
92
1
93
1
94
1
95
1
96
1
97
2
98
2
99
1
100
3
101
1
102
2
103
2
104
2
105
3
hii-baf 507
106
2
hij-bag 507
107
1
108
1
109
1
110
1
111
1
112
1
113
2
114
1
115
1
116
1
117
2
118
1
bddh-bbi 507
119
3
120
1
121
1
122
1
123
1
124
1
125
1
126
3
127
1
128
1
129
1
bbag-bcj 507
130
2
131
5
ba-bdb 394
bb-bdb 112
132
1
133
1
134
1
135
1
136
1
137
1
138
1
139
1
140
1
141
2
142
1
bbga-bec 507
143
1
144
1
145
1
146
1
147
1
148
1
149
1
eja-bej 507
150
1
151
1
152
1
153
3
154
4
bbai-bfe 507
155
2
156
1
157
1
158
1
159
1
bjdh-bfj 507
160
1
161
2
162
1
163
1
164
2
165
1
166
1
167
1
168
1
169
1
170
1
171
1
172
1
173
2
174
2
175
1
hid-bhf 507
176
2
177
2
178
1
179
2
180
2
181
3
182
1
bdbj-bic 507
183
2
184
1
185
1
bih-bif 507
186
1
187
2
188
1
189
1
190
1
191
1
192
1
193
1
194
2
195
3
196
1
197
1
198
1
199
1
200
2
201
2
202
1
idj-cac 507
203
1
204
1
bdae-cae 507
205
2
206
1
207
2
208
2
209
1
210
1
211
1
212
1
213
1
214
1
215
1
216
1
217
3
ccd-cbh 253
cce-cbh 253
218
1
219
1
220
2
221
3
222
1
223
1
224
1
225
1
226
3
bdfg-ccg 507
227
1
228
2
229
2
230
1
231
1
232
1
233
2
bbah-cdd 507
234
2
235
1
236
1
hih-cdg 507
237
1
238
1
239
1
240
1
241
1
242
1
243
2
hha-ced 507
244
1
245
1
246
1
247
1
248
1
249
2
250
1
251
1
252
1
cfd-cfc 507
253
3
idd-cfd 253
ide-cfd 253
254
1
255
1
256
1
257
1
258
1
259
1
260
1
261
1
262
2
263
1
264
1
265
1
266
1
267
1
268
2
269
1
270
1
271
1
272
1
273
1
274
1
275
1
276
3
bdca-chg 507
277
1
baa-chh 507
278
2
279
1
bahh-chj 507
280
1
281
2
282
1
bdbf-cic 507
283
1
284
1
285
1
286
2
287
1
288
1
289
1
290
3
291
2
292
1
cja-cjc 507
293
1
294
2
295
1
296
2
297
2
298
2
299
1
300
1
301
1
302
1
303
1
304
1
305
1
306
1
307
1
308
1
309
1
310
1
311
2
312
3
313
1
314
1
315
1
316
1
317
1
318
1
319
1
320
1
321
1
ec-dcb 507
322
1
323
1
324
1
325
1
326
2
327
2
328
1
329
1
330
2
331
1
332
1
333
2
334
1
335
1
336
1
337
1
338
1
339
2
340
1
341
1
342
1
343
1
344
1
345
1
346
1
347
1
348
1
349
1
350
1
351
1
352
1
353
1
354
1
355
1
356
1
357
1
358
1
359
1
360
1
361
1
362
1
jdc-dgc 507
363
1
364
1
365
1
366
2
367
2
368
2
369
1
370
1
bbfc-dha 507
371
1
372
2
373
1
374
1
bbfe-dhe 507
375
1
dha-dhf 507
376
1
377
2
378
1
dhh-dhi 507
379
1
380
1
381
1
382
2
bjfg-dic 507
383
2
384
1
385
1
386
1
387
1
388
1
389
2
390
1
bcee-dja 507
391
1
392
1
393
1
394
1
395
2
396
1
397
1
398
1
399
2
400
2
401
1
iae-eab 507
402
1
403
1
404
1
405
1
406
1
407
1
408
1
409
1
410
2
411
1
412
2
413
1
414
1
415
2
416
1
jea-ebg 507
417
2
418
1
hji-ebi 507
419
1
420
2
421
2
gcj-ecb 507
422
1
423
1
424
1
de-ece 507
425
1
426
2
427
1
428
1
429
1
430
1
431
1
432
1
433
2
edi-edd 507
434
1
435
1
436
1
437
1
438
1
439
1
bjfd-edj 507
440
1
441
1
442
1
443
1
444
1
445
1
446
1
447
1
448
1
449
1
450
2
451
2
452
2
453
1
454
1
455
2
456
1
457
2
458
2
459
1
460
2
461
1
462
1
463
1
eda-egd 507
464
2
465
2
466
1
467
1
468
2
469
1
470
2
hba-eha 507
471
1
472
1
cgc-ehc 507
473
1
474
1
475
1
476
1
477
2
478
1
479
4
eib-ehj 253
eic-ehj 253
480
1
gia-eia 507
481
2
482
1
483
1
484
1
485
1
486
1
487
3
488
2
489
1
490
2
491
1
492
1
493
1
494
1
495
2
496
4
497
2
bgda-ejh 507
498
1
499
2
500
1
bgda-faa 507
501
1
502
1
503
1
504
1
505
3
gfg-faf 507
506
1
507
2
caae-fah 507
508
1
509
1
510
1
511
1
512
1
513
2
514
1
515
2
hde-fbf 507
516
2
fbi-fbg 507
517
2
518
3
519
2
520
3
521
1
522
1
523
1
524
2
525
1
526
3
527
2
fbj-fch 507
528
3
529
2
530
1
531
1
532
3
fdb-fdc 394
fdg-fdc 112
533
1
534
1
535
1
536
1
537
4
fde-fdh 253
fdf-fdh 253
538
1
539
2
540
1
541
1
542
1
543
2
544
2
545
1
546
3
hch-feg 507
547
2
fei-feh 507
548
1
549
2
550
1
551
1
552
1
553
1
554
2
feb-ffe 507
555
1
556
2
557
2
558
3
559
2
560
1
561
1
562
1
563
4
jhf-fgd 507
564
3
ggg-fge 507
565
2
566
1
567
1
568
1
569
1
570
1
571
1
572
1
573
1
574
2
575
1
576
2
577
1
578
2
579
1
580
1
581
1
582
1
583
1
584
1
585
1
586
1
587
1
588
1
589
1
590
1
591
1
592
1
593
2
jca-fjd 507
594
2
595
1
fjd-fjf 507
596
2
597
2
598
1
599
1
600
1
601
1
602
2
603
1
604
1
605
2
606
2
607
1
bcde-gah 507
608
1
609
1
610
1
611
1
612
1
613
1
614
1
615
1
616
1
617
1
618
1
619
1
620
1
621
1
622
1
623
1
624
1
625
1
626
1
627
1
628
1
629
1
630
1
631
1
632
2
gdg-gdc 253
bhij-gdc 253
633
1
634
1
635
1
636
2
637
1
638
1
639
2
640
1
641
1
642
1
ddj-gec 507
643
2
644
1
645
1
646
1
647
1
648
1
649
1
650
1
651
1
652
1
ha-gfc 507
653
1
654
1
655
1
656
1
657
2
fag-gfh 507
658
2
659
1
660
1
661
1
662
1
663
1
664
1
fgd-gge 507
665
1
666
1
667
1
668
1
669
1
670
1
671
1
672
1
673
1
674
1
ifg-ghe 507
675
1
676
1
677
1
678
2
679
1
680
2
681
1
ehj-gib 507
682
1
683
1
684
1
685
3
686
2
bdee-gig 507
687
2
688
1
689
1
690
1
fic-gja 507
691
1
692
1
693
1
694
1
ffi-gje 507
695
1
696
1
697
4
698
2
699
1
700
1
701
1
702
1
haa-hac 507
703
1
704
1
705
1
706
1
707
1
708
1
709
1
710
1
711
1
712
1
713
1
db-hbd 507
714
1
715
1
716
1
717
1
718
1
719
1
720
1
721
1
722
1
723
1
724
1
725
2
726
1
727
1
728
2
729
2
730
2
731
3
732
1
733
1
734
3
735
1
fbg-hdf 507
736
2
737
1
738
1
739
1
740
1
741
1
742
1
ghi-hec 507
743
2
744
1
745
1
746
1
747
1
748
1
749
1
750
1
751
3
752
1
bjib-hfc 507
753
1
754
1
755
1
756
3
faj-hfg 253
fbb-hfg 253
757
2
758
1
759
1
bdhd-hfj 507
760
2
761
1
762
1
763
1
764
1
765
1
766
1
767
1
768
3
769
1
770
3
771
1
772
1
773
1
774
1
775
1
776
1
777
1
778
1
779
1
780
2
781
1
782
1
783
2
784
2
bhh-hie 507
785
1
786
2
787
1
788
1
789
1
790
2
791
1
792
1
793
2
794
2
bchd-hje 507
795
1
796
1
797
1
798
3
799
3
800
2
801
1
802
1
803
1
804
1
805
1
806
3
iad-iag 24
iaf-iag 482
807
1
808
2
809
2
810
1
811
1
812
2
ibb-ibc 507
813
1
814
1
815
2
bjea-ibf 507
816
1
817
1
818
2
eeg-ibi 507
819
2
820
3
821
2
ica-icb 507
822
1
823
3
bgae-icd 507
824
4
ejh-ice 338
ica-ice 169
825
1
826
2
bjic-icg 507
827
3
cia-ich 507
828
4
829
1
830
1
831
1
832
1
833
1
834
1
835
1
836
1
837
1
838
2
839
7
idf-idj 92
idg-idj 322
iea-idj 92
840
1
841
1
842
1
843
1
844
1
845
1
cf-ief 507
846
1
847
2
848
2
849
1
850
1
dch-ifa 507
851
1
852
1
853
3
854
1
855
1
856
2
857
2
858
1
859
1
860
1
861
1
862
1
863
1
864
2
865
1
866
1
867
1
868
1
869
1
870
1
871
1
872
1
873
1
874
1
875
1
876
2
877
1
878
2
879
1
880
1
881
1
882
1
883
1
884
1
885
1
886
1
887
1
888
1
889
2
890
1
891
1
892
1
bjhd-ijc 507
893
1
894
1
895
1
ijg-ijf 507
896
3
jeb-ijg 53
jec-ijg 53
jed-ijg 400
897
1
898
1
899
1
900
1
901
1
902
1
903
1
904
1
905
1
906
1
907
1
908
2
909
2
bcga-jaj 507
910
1
911
1
912
1
913
1
914
1
915
1
916
1
917
3
918
2
919
1
920
1
921
1
cgi-jcb 507
922
2
923
1
924
1
925
1
926
2
bcfg-jcg 507
927
2
928
1
929
1
930
1
931
2
932
1
933
1
934
1
935
2
936
1
fhi-jdg 507
937
1
938
1
939
1
940
2
941
2
942
1
943
3
944
2
945
2
946
1
947
1
948
1
949
1
950
2
951
1
952
1
953
1
954
1
955
1
956
1
957
1
958
2
959
2
960
1
961
1
962
1
963
1
964
2
965
2
966
1
967
1
bbii-jgh 507
968
3
bei-jgi 253
bfb-jgi 253
969
1
bcba-jgj 507
970
2
971
1
972
1
973
4
ggf-jhd 507
974
2
975
1
976
1
977
1
978
1
979
1
980
1
981
1
982
1
983
2
984
2
baib-jie 507
985
2
986
3
987
2
fdh-jih 507
988
2
989
1
990
4
bcga-jja 507
991
1
992
1
993
1
994
1
995
1
996
2
997
1
998
1
999
2
1000
1
1001
1
1002
1
baeb-baac 507
1003
1
1004
1
1005
1
1006
1
1007
1
1008
3
fba-baai 470
fbc-baai 36
1009
1
1010
1
1011
2
1012
1
bgah-babc 507
1013
1
1014
2
1015
1
1016
1
1017
1
1018
1
1019
1
fdj-babj 507
1020
1
1021
1
1022
2
1023
1
1024
3
1025
1
1026
1
1027
2
1028
1
1029
2
gh-bacj 507
1030
1
1031
1
1032
1
1033
1
1034
1
1035
1
1036
1
ige-badg 507
1037
1
1038
1
1039
1
1040
2
1041
2
1042
2
bdab-baec 507
1043
1
1044
1
1045
1
1046
1
1047
1
1048
1
1049
1
1050
2
1051
1
1052
1
1053
1
1054
1
1055
1
1056
1
1057
1
1058
1
1059
1
1060
1
1061
1
1062
1
1063
1
1064
1
1065
1
1066
1
1067
1
1068
1
1069
1
1070
1
1071
1
1072
1
1073
2
1074
2
1075
1
1076
1
1077
1
1078
1
1079
1
1080
1
1081
2
1082
1
1083
1
jig-baid 507
1084
1
1085
1
efa-baif 507
1086
1
1087
1
1088
1
1089
3
1090
2
1091
1
1092
1
1093
2
1094
1
1095
1
1096
1
1097
1
1098
1
1099
1
1100
3
bbbe-bbaa 507
1101
1
1102
1
1103
2
1104
2
1105
2
1106
2
1107
2
1108
2
1109
1
1110
2
1111
5
bbac-bbbb 59
bbbi-bbbb 447
1112
2
1113
2
bbad-bbbd 144
bhjg-bbbd 362
1114
2
1115
2
bbbe-bbbf 507
1116
1
befi-bbbg 507
1117
1
1118
1
1119
2
bbcd-bbbj 507
1120
2
1121
1
1122
1
1123
1
1124
1
1125
1
1126
2
1127
1
1128
1
1129
1
1130
1
1131
1
1132
1
1133
1
1134
2
1135
1
1136
1
1137
2
1138
1
1139
1
1140
2
1141
1
1142
1
1143
1
1144
1
1145
2
1146
1
1147
1
1148
1
1149
1
1150
2
bbei-bbfa 507
1151
2
1152
3
1153
3
dha-bbfd 507
1154
3
bbfb-bbfe 507
1155
2
1156
1
1157
1
1158
1
ibg-bbfi 507
1159
1
1160
3
1161
2
beb-bbgb 507
1162
1
1163
2
1164
1
1165
1
1166
1
1167
2
1168
1
1169
1
1170
2
1171
3
1172
1
1173
2
1174
1
1175
2
1176
1
1177
2
1178
1
1179
1
1180
1
1181
1
1182
1
bbhj-bbic 507
1183
2
1184
1
1185
1
1186
1
1187
1
1188
1
1189
1
1190
2
1191
1
1192
1
1193
1
1194
2
1195
1
1196
1
1197
2
1198
2
1199
1
1200
1
1201
1
1202
2
1203
1
1204
1
1205
1
1206
2
1207
2
1208
1
1209
2
1210
2
1211
2
1212
1
1213
1
1214
1
1215
1
1216
1
1217
1
1218
1
1219
1
1220
1
1221
1
1222
1
beii-bccc 507
1223
1
1224
1
1225
1
1226
1
1227
1
1228
1
1229
1
1230
1
bgbg-bcda 507
1231
1
1232
1
1233
1
1234
1
1235
1
1236
1
1237
1
1238
1
1239
2
1240
1
1241
1
1242
2
1243
1
1244
2
1245
1
1246
1
1247
1
1248
1
1249
1
1250
1
1251
1
1252
1
1253
1
1254
2
1255
4
1256
1
1257
1
1258
1
1259
2
1260
2
jja-bcga 507
1261
1
1262
2
1263
1
1264
1
1265
3
bchc-bcgf 507
1266
1
1267
1
1268
1
1269
1
1270
2
bcgg-bcha 507
1271
2
1272
1
1273
2
1274
1
1275
1
1276
1
gfb-bchg 507
1277
2
1278
1
1279
4
bchi-bchj 338
bfih-bchj 169
1280
1
1281
1
1282
1
1283
1
1284
1
bcii-bcie 507
1285
1
1286
1
1287
1
1288
2
1289
1
1290
1
1291
1
1292
1
1293
2
1294
1
1295
2
1296
1
1297
1
ca-bcjh 507
1298
1
1299
2
1300
1
1301
1
1302
1
1303
1
1304
2
1305
2
1306
1
1307
1
1308
1
1309
1
bgic-bdaj 507
1310
1
1311
2
1312
1
1313
1
1314
1
1315
2
1316
2
1317
1
1318
1
1319
2
1320
1
1321
1
1322
1
1323
2
1324
2
1325
1
1326
1
1327
1
1328
1
1329
1
1330
1
1331
1
1332
1
1333
2
h-bddd 507
1334
1
1335
2
e-bddf 507
1336
2
1337
4
1338
1
1339
1
1340
2
caaf-bdea 507
1341
1
1342
1
bcjj-bdec 507
1343
2
caaf-bded 507
1344
4
bdaa-bdee 507
1345
1
1346
2
bebe-bdeg 507
1347
1
1348
1
1349
1
1350
1
1351
3
1352
2
1353
1
bcea-bdfd 507
1354
1
1355
1
1356
1
1357
1
1358
3
1359
1
1360
2
1361
1
1362
1
1363
1
1364
1
1365
1
1366
1
1367
1
1368
1
1369
1
1370
1
1371
3
1372
2
1373
2
1374
1
1375
2
1376
1
1377
1
1378
1
1379
1
1380
1
1381
1
1382
1
1383
2
1384
1
1385
3
bdhh-bdif 59
bdhi-bdif 447
1386
1
1387
1
1388
2
1389
1
cab-bdij 507
1390
1
1391
2
1392
1
1393
1
1394
1
1395
1
1396
2
1397
1
1398
1
1399
1
1400
1
1401
2
baja-beab 507
1402
1
1403
1
1404
1
1405
1
1406
1
1407
1
1408
1
1409
1
1410
1
1411
1
1412
1
1413
2
1414
3
1415
1
bdce-bebf 507
1416
1
1417
1
1418
1
1419
1
1420
1
1421
2
becc-becb 507
1422
1
1423
1
1424
1
1425
1
1426
1
1427
1
1428
1
1429
1
1430
1
1431
1
1432
1
1433
1
bedb-bedd 507
1434
1
begc-bede 507
1435
1
1436
1
1437
2
1438
1
1439
1
1440
1
jgf-beea 507
1441
1
1442
1
1443
1
bdhb-beed 507
1444
2
bddf-beee 507
1445
2
1446
1
1447
1
1448
2
1449
2
1450
1
1451
3
1452
1
1453
1
1454
1
1455
1
1456
2
1457
2
1458
3
1459
2
1460
1
1461
1
1462
1
1463
1
1464
3
begd-bege 507
1465
1
bfe-begf 507
1466
1
1467
1
1468
1
1469
1
1470
1
1471
1
1472
2
1473
3
behg-behd 112
behh-behd 394
1474
3
1475
1
1476
1
1477
1
1478
1
1479
1
1480
2
1481
1
1482
1
1483
1
1484
1
1485
1
bdea-beif 507
1486
1
1487
2
1488
1
1489
1
1490
1
1491
1
1492
1
1493
1
1494
2
1495
1
1496
1
1497
2
1498
1
1499
1
1500
2
1501
2
1502
1
1503
1
1504
2
1505
1
1506
1
1507
1
1508
1
hed-bfai 507
1509
2
1510
1
gi-bfba 507
1511
1
1512
1
1513
1
1514
2
1515
1
1516
1
1517
2
1518
1
1519
2
becc-bfbj 507
1520
1
1521
1
icg-bfcb 507
1522
1
bihe-bfcc 507
1523
1
1524
2
1525
1
1526
1
1527
1
1528
1
bifb-bfci 507
1529
1
1530
1
1531
1
1532
2
1533
1
1534
1
1535
1
1536
1
gc-bfdg 507
1537
1
1538
1
1539
2
1540
1
1541
1
1542
1
1543
2
1544
1
1545
1
1546
1
1547
1
1548
1
1549
1
1550
1
1551
2
1552
1
1553
1
ejf-bffd 507
1554
1
1555
1
1556
1
1557
1
1558
1
1559
1
1560
1
1561
1
1562
1
1563
1
1564
1
1565
1
1566
3
1567
2
1568
1
1569
1
1570
1
1571
1
1572
1
1573
1
1574
1
1575
1
1576
1
1577
1
1578
1
1579
1
1580
1
ffh-bfia 507
1581
1
1582
1
1583
1
1584
1
1585
1
1586
1
1587
2
hag-bfih 507
1588
1
1589
1
1590
1
1591
1
1592
1
1593
1
1594
1
1595
1
1596
1
1597
1
1598
1
1599
2
1600
2
jfg-bgaa 507
1601
1
1602
1
1603
1
ice-bgad 507
1604
1
1605
2
1606
1
1607
3
bbcb-bgah 345
bbce-bgah 161
1608
3
1609
1
1610
1
1611
1
caaf-bgbb 507
1612
1
1613
1
hjj-bgbd 507
1614
2
ege-bgbe 507
1615
2
1616
3
eg-bgbg 161
ei-bgbg 345
1617
1
bhfh-bgbh 507
1618
1
1619
1
1620
1
1621
1
1622
1
1623
1
1624
1
bjfb-bgce 507
1625
1
1626
1
1627
1
1628
1
1629
2
1630
4
ce-bgda 507
1631
1
1632
1
1633
1
1634
1
1635
1
1636
1
1637
1
ici-bgdh 507
1638
1
bdia-bgdi 507
1639
1
1640
1
1641
1
bbcf-bgeb 507
1642
1
1643
1
1644
1
1645
1
1646
1
1647
1
1648
1
1649
1
1650
1
1651
2
1652
1
1653
1
1654
1
1655
2
1656
1
1657
1
1658
1
1659
1
1660
1
gih-bgga 507
1661
1
1662
1
1663
2
1664
1
1665
1
1666
1
1667
1
1668
1
1669
1
eid-bggj 507
1670
1
1671
1
1672
1
1673
1
1674
1
1675
1
1676
1
1677
1
1678
1
1679
2
1680
1
1681
2
1682
3
1683
1
bbj-bgid 507
1684
1
1685
1
1686
1
gac-bgig 507
1687
1
1688
1
1689
1
1690
2
1691
1
1692
1
1693
1
1694
1
1695
1
1696
1
1697
1
1698
1
fhh-bgji 507
1699
1
1700
1
1701
1
1702
1
1703
1
1704
1
1705
1
1706
1
1707
2
1708
1
1709
1
1710
1
1711
1
1712
1
1713
2
1714
2
1715
1
1716
1
1717
2
1718
1
1719
1
1720
1
1721
1
1722
1
1723
1
1724
1
1725
1
ihi-bhcf 507
1726
1
bchh-bhcg 507
1727
1
1728
1
1729
1
1730
1
1731
1
1732
1
1733
1
1734
1
1735
1
1736
1
1737
1
1738
1
1739
1
1740
1
1741
1
1742
1
1743
1
1744
1
1745
1
haf-bhef 507
1746
1
1747
1
1748
1
1749
1
1750
1
1751
2
1752
1
1753
1
1754
1
1755
1
1756
1
1757
2
1758
1
1759
1
1760
1
1761
1
1762
1
1763
1
1764
1
1765
1
1766
1
1767
2
1768
1
1769
1
1770
1
1771
1
1772
2
1773
1
1774
1
1775
1
1776
1
bcgj-bhhg 507
1777
1
1778
1
1779
1
1780
2
1781
1
1782
1
1783
1
1784
1
1785
1
1786
1
1787
1
1788
1
1789
1
1790
1
1791
1
1792
1
1793
2
1794
3
bbeh-bhje 507
1795
1
bbbb-bhjf 507
1796
3
ja-bhjg 443
bfce-bhjg 63
1797
2
jfd-bhjh 507
1798
1
1799
2
jfc-bhjj 507
1800
1
1801
2
1802
1
1803
1
1804
1
1805
1
1806
1
1807
1
1808
2
1809
1
1810
1
1811
2
1812
1
1813
1
1814
2
1815
1
1816
1
1817
1
1818
1
1819
1
1820
1
1821
1
1822
1
1823
1
1824
1
1825
1
1826
1
1827
1
1828
1
1829
1
1830
1
1831
1
1832
1
1833
1
1834
2
1835
1
1836
1
1837
1
1838
1
1839
4
iaa-bidj 507
1840
1
ced-biea 507
1841
1
1842
1
1843
1
1844
1
bied-biee 507
1845
1
1846
2
bbhb-bieg 507
1847
1
1848
1
1849
1
1850
1
1851
3
bjhh-bifb 507
1852
1
1853
1
bead-bifd 507
1854
1
1855
1
1856
1
1857
1
1858
2
bjgc-bifi 507
1859
1
1860
1
1861
1
1862
2
gb-bigc 507
1863
2
1864
1
1865
1
1866
1
1867
1
1868
1
1869
1
1870
1
1871
1
1872
1
1873
1
1874
2
bcdf-bihe 447
bcdh-bihe 59
1875
1
1876
1
1877
1
1878
1
1879
1
1880
1
1881
1
1882
1
1883
2
1884
1
1885
1
1886
1
eih-biig 507
1887
1
1888
1
1889
3
eec-biij 507
1890
1
1891
1
befd-bijb 507
1892
2
1893
2
1894
1
1895
1
1896
1
1897
1
1898
1
1899
2
1900
1
1901
1
1902
1
1903
2
1904
2
1905
1
1906
1
1907
1
1908
1
1909
1
bcai-bjaj 507
1910
2
1911
1
1912
1
1913
1
1914
1
1915
1
1916
1
1917
1
1918
1
1919
1
1920
1
bfbj-bjca 507
1921
1
1922
1
1923
2
1924
1
1925
1
1926
1
1927
1
1928
1
1929
1
1930
1
1931
1
1932
1
1933
1
1934
2
1935
1
1936
1
1937
3
1938
2
1939
1
1940
4
1941
1
1942
1
1943
1
1944
1
1945
1
1946
4
1947
2
1948
1
1949
1
1950
1
1951
2
bjeg-bjfb 507
1952
1
1953
3
1954
1
1955
1
1956
2
1957
1
1958
1
1959
1
1960
1
1961
1
1962
1
1963
1
1964
1
1965
2
1966
2
bjgb-bjgg 507
1967
1
1968
1
1969
3
1970
1
1971
1
1972
1
1973
2
bjhe-bjhd 202
bjhf-bjhd 304
1974
1
1975
2
1976
1
1977
1
1978
1
biij-bjhi 507
1979
1
1980
1
1981
4
bjig-bjib 507
1982
2
1983
2
1984
1
1985
2
ich-bjif 169
bjih-bjif 338
1986
1
1987
1
1988
2
bjja-bjii 507
1989
1
ich-bjij 507
1990
1
1991
1
1992
1
1993
4
eib-bjjd 107
eig-bjjd 399
1994
2
1995
4
ehi-bjjf 339
eie-bjjf 155
eif-bjjf 11
1996
2
bchd-bjjg 507
1997
2
1998
2
1999
1
2000
1
2001
2
bhia-caab 507
2002
1
2003
2
2004
1
2005
1
2006
1
2007
1
2008
1
2009
1
2010
1
2011
1
2012
1
2013
1
2014
1
2015
1
2016
1
2017
1
2018
1
2019
1
2020
1
2021
1
jja-cacb 507
2022
2
2023
2
2024
1
2025
1
2026
2
2027
1
2028
1
2029
2
2030
1
2031
1
2032
1
2033
1
2034
1
2035
1
2036
1
2037
3
2038
2
2039
2
jfh-cadj 507
2040
1
2041
1
2042
2
2043
1
2044
2
2045
3
2046
1
2047
2
2048
1
2049
1
2050
1
2051
1
2052
1
2053
1
2054
1
2055
1
2056
1
2057
1
2058
2
2059
1
dhbe-cafj 507
2060
1
2061
2
2062
1
2063
1
2064
1
2065
1
2066
1
2067
1
2068
1
2069
1
2070
1
2071
1
2072
1
2073
1
ddag-cahd 507
2074
1
2075
1
2076
1
2077
1
cigg-cahh 507
2078
1
2079
1
2080
1
2081
2
2082
1
2083
2
2084
1
2085
2
2086
1
2087
1
2088
1
2089
1
2090
1
2091
1
2092
1
2093
1
2094
1
2095
1
2096
1
2097
1
2098
2
2099
1
2100
1
2101
1
2102
1
2103
1
2104
1
2105
1
2106
1
2107
1
2108
1
2109
1
2110
1
2111
1
2112
1
cbba-cbbc 507
2113
1
2114
1
2115
1
2116
1
2117
1
2118
1
2119
1
2120
1
2121
1
2122
2
2123
1
cbcc-cbcd 507
2124
1
2125
1
2126
1
2127
1
2128
2
2129
1
2130
1
2131
1
2132
1
2133
1
2134
1
2135
1
2136
3
cbfc-cbdg 465
cbfd-cbdg 32
cbfe-cbdg 9
2137
1
2138
1
2139
2
cbjd-cbdj 507
2140
3
2141
1
2142
1
cbfh-cbec 507
2143
2
2144
1
2145
1
2146
1
2147
2
cbfc-cbeh 253
cbfd-cbeh 253
2148
1
2149
2
2150
1
2151
1
2152
1
2153
1
2154
1
2155
1
2156
1
2157
3
2158
1
2159
1
2160
1
2161
1
2162
1
2163
1
2164
1
2165
1
2166
1
2167
1
2168
1
2169
2
cbdj-cbgj 507
2170
1
2171
1
2172
1
2173
1
2174
1
2175
1
2176
1
2177
1
2178
1
2179
2
2180
1
2181
1
2182
2
cbie-cbic 507
2183
1
2184
2
2185
1
2186
3
2187
1
2188
1
2189
1
2190
1
cbij-cbja 507
2191
1
2192
2
2193
2
cbeh-cbjd 507
2194
1
2195
1
cbjj-cbjf 507
2196
1
2197
1
2198
1
2199
2
2200
1
2201
1
2202
1
2203
1
2204
1
2205
1
2206
1
2207
1
2208
1
2209
1
2210
1
2211
1
2212
2
2213
1
2214
1
2215
2
2216
1
2217
2
2218
1
2219
1
2220
1
2221
2
2222
2
2223
1
2224
1
2225
1
2226
1
ccca-cccg 507
2227
1
2228
1
2229
2
cjjc-cccj 507
2230
1
2231
1
2232
2
2233
1
2234
1
2235
1
2236
1
2237
1
2238
1
2239
1
2240
1
cccj-ccea 507
2241
1
2242
3
ccdg-ccec 507
2243
1
ccec-cced 507
2244
2
2245
1
2246
1
2247
1
2248
1
2249
1
2250
1
2251
1
2252
1
2253
1
2254
1
2255
1
2256
1
2257
1
2258
1
2259
1
2260
1
2261
2
2262
1
2263
1
2264
1
2265
1
2266
1
2267
1
2268
1
2269
2
2270
1
2271
1
2272
1
2273
1
2274
1
2275
1
2276
1
cchj-cchg 507
2277
1
2278
1
2279
1
2280
2
2281
1
2282
2
2283
1
2284
1
2285
1
2286
1
2287
2
2288
1
2289
1
2290
1
2291
1
2292
2
2293
1
2294
1
2295
1
2296
1
2297
1
2298
1
2299
1
2300
1
2301
1
2302
2
2303
2
2304
2
2305
1
2306
1
2307
2
2308
1
2309
1
2310
1
2311
1
2312
2
2313
1
cdbf-cdbd 507
2314
1
2315
1
2316
1
2317
1
2318
1
2319
1
2320
1
2321
1
2322
1
2323
2
2324
1
2325
1
2326
1
2327
1
2328
1
2329
1
2330
1
2331
1
2332
1
2333
1
2334
1
2335
1
2336
2
2337
1
2338
1
2339
1
2340
1
2341
1
cdea-cdeb 507
2342
1
2343
1
2344
1
2345
1
2346
1
2347
1
2348
2
2349
1
2350
1
2351
1
2352
1
2353
1
2354
1
2355
2
2356
1
2357
1
2358
1
2359
2
2360
1
2361
1
2362
2
2363
1
2364
1
2365
1
2366
1
2367
1
2368
1
2369
1
2370
1
2371
1
2372
1
2373
1
2374
1
2375
1
2376
1
2377
1
2378
1
2379
2
2380
1
2381
1
2382
2
2383
2
2384
3
2385
1
2386
1
2387
1
2388
1
2389
2
2390
1
2391
1
2392
1
2393
1
2394
1
2395
1
2396
1
2397
1
2398
1
2399
1
2400
1
2401
1
2402
1
2403
1
2404
2
2405
1
2406
1
2407
2
2408
3
2409
1
2410
1
2411
1
2412
1
2413
1
2414
1
2415
1
2416
1
2417
1
2418
1
2419
1
2420
1
2421
1
2422
2
2423
1
2424
1
2425
1
2426
1
2427
1
2428
1
2429
1
2430
1
2431
1
2432
1
2433
1
2434
1
2435
1
2436
1
2437
1
2438
2
2439
1
2440
1
2441
2
2442
1
2443
1
2444
1
2445
1
2446
1
2447
1
2448
1
2449
1
2450
2
2451
1
2452
2
2453
1
2454
1
2455
1
2456
1
2457
1
2458
2
2459
1
2460
2
2461
1
2462
1
2463
1
2464
1
2465
1
2466
1
2467
1
2468
1
2469
1
2470
1
2471
1
2472
1
2473
2
2474
3
2475
1
2476
1
2477
1
2478
1
2479
2
2480
1
ceha-ceia 507
2481
1
cehc-ceib 507
2482
1
2483
1
2484
1
2485
2
2486
1
cehb-ceig 507
2487
1
2488
1
cehb-ceii 507
2489
1
2490
1
2491
1
ceij-cejb 507
2492
1
2493
1
2494
1
2495
1
2496
1
2497
1
2498
1
2499
1
2500
1
2501
1
2502
1
2503
1
2504
1
2505
1
2506
1
2507
1
2508
1
2509
1
2510
1
2511
2
cfbg-cfbb 507
2512
1
2513
1
2514
1
2515
1
cfbb-cfbf 507
2516
3
2517
1
2518
2
2519
1
2520
2
2521
1
cfcc-cfcb 507
2522
1
2523
1
2524
7
dbjc-cfce 9
dbjd-cfce 9
dbjf-cfce 127
dbjg-cfce 34
dbji-cfce 196
dcab-cfce 127
2525
1
2526
2
2527
1
2528
1
cfcf-cfci 507
2529
1
2530
1
2531
1
2532
1
2533
1
2534
1
2535
1
2536
1
2537
1
2538
1
2539
1
2540
1
2541
4
2542
1
2543
1
2544
1
2545
2
2546
1
2547
1
2548
1
2549
1
2550
1
2551
1
2552
1
2553
1
2554
1
2555
1
2556
1
2557
1
2558
1
2559
1
2560
1
2561
1
cfga-cfgb 507
2562
1
2563
1
cdie-cfgd 507
2564
1
2565
2
2566
3
cfie-cfgg 507
2567
4
cfhf-cfgh 376
cfhg-cfgh 101
cfhi-cfgh 28
2568
2
cfhh-cfgi 507
2569
1
2570
2
2571
1
2572
1
2573
2
2574
2
2575
1
2576
1
2577
1
2578
1
2579
2
2580
1
2581
1
2582
1
2583
3
cfie-cfid 507
2584
2
2585
1
2586
1
cfic-cfig 507
2587
1
2588
1
2589
1
2590
4
cfic-cfja 507
2591
1
2592
1
2593
1
2594
1
dffd-cfje 507
2595
1
2596
1
2597
1
2598
1
2599
1
2600
3
cfii-cgaa 507
2601
1
2602
1
2603
1
2604
1
2605
1
2606
1
2607
1
2608
1
2609
1
2610
1
2611
1
2612
1
2613
1
2614
1
2615
1
2616
1
2617
1
cgbg-cgbh 507
2618
1
2619
1
2620
1
2621
1
2622
1
2623
2
2624
1
2625
1
2626
1
2627
1
2628
1
2629
1
2630
2
2631
1
2632
1
2633
1
2634
2
2635
1
2636
1
2637
1
2638
2
cged-cgdi 507
2639
1
2640
1
2641
2
cgdj-cgeb 507
2642
1
2643
1
2644
1
2645
1
2646
1
2647
1
2648
1
2649
1
2650
2
2651
1
2652
1
2653
2
2654
1
2655
1
2656
1
2657
1
2658
1
2659
1
2660
1
2661
1
2662
1
2663
1
2664
1
2665
1
2666
1
2667
1
2668
1
2669
1
2670
1
2671
1
2672
1
2673
1
2674
1
cgge-cghe 507
2675
2
2676
1
2677
1
2678
1
2679
2
2680
1
dbeh-cgia 507
2681
1
2682
1
2683
2
2684
1
cgid-cgie 507
2685
1
2686
1
2687
1
cgii-cgih 507
2688
2
2689
1
2690
1
2691
1
2692
1
2693
1
2694
1
2695
1
2696
1
2697
1
2698
1
2699
1
2700
1
2701
2
2702
1
2703
1
2704
1
2705
1
2706
2
2707
1
2708
1
2709
1
2710
1
2711
1
2712
1
chbd-chbc 507
2713
1
2714
1
2715
1
2716
1
2717
1
2718
1
2719
1
2720
1
2721
1
2722
1
2723
1
2724
1
2725
1
2726
1
2727
1
2728
2
2729
1
2730
1
2731
1
2732
1
2733
1
2734
1
2735
1
2736
1
2737
1
2738
1
2739
1
2740
1
2741
1
2742
1
2743
1
2744
1
2745
1
2746
2
2747
1
2748
1
2749
1
2750
1
2751
1
2752
1
2753
1
2754
1
2755
1
2756
2
2757
1
2758
1
2759
1
2760
1
2761
1
2762
1
2763
1
2764
1
2765
1
2766
1
2767
1
2768
4
2769
1
2770
1
2771
2
2772
1
2773
1
2774
2
2775
1
2776
2
2777
1
2778
1
2779
1
2780
1
2781
1
2782
1
2783
1
2784
1
2785
1
2786
1
2787
1
2788
1
2789
1
2790
1
2791
1
2792
1
2793
1
2794
2
2795
1
2796
1
chjc-chjg 507
2797
1
2798
1
2799
1
2800
1
2801
1
2802
1
2803
1
2804
1
2805
1
2806
2
2807
1
djcg-ciah 507
2808
1
djcj-ciai 507
2809
2
2810
1
2811
1
2812
1
2813
1
2814
1
2815
1
2816
1
2817
1
2818
1
2819
1
2820
1
2821
1
2822
1
2823
1
2824
1
2825
1
2826
2
2827
2
2828
1
2829
1
2830
2
2831
1
2832
1
2833
1
2834
1
2835
1
2836
1
2837
1
2838
1
2839
1
2840
1
2841
1
2842
1
2843
1
2844
2
2845
1
2846
1
2847
1
2848
1
2849
2
2850
1
2851
1
2852
1
2853
1
2854
1
2855
1
2856
1
2857
1
2858
2
cehc-cifi 507
2859
2
2860
4
2861
5
2862
1
2863
1
2864
1
2865
1
2866
2
2867
1
2868
1
2869
1
2870
1
2871
1
2872
1
2873
1
2874
1
2875
1
2876
1
2877
1
2878
1
2879
1
2880
1
2881
2
2882
1
2883
1
2884
1
2885
1
2886
1
2887
1
2888
1
2889
1
2890
1
2891
1
2892
1
2893
1
2894
1
2895
1
2896
2
2897
1
2898
1
2899
1
2900
1
2901
2
2902
1
2903
1
cjcd-cjad 507
2904
1
2905
1
2906
1
2907
1
2908
1
2909
1
2910
1
2911
1
2912
1
2913
1
2914
1
2915
1
dddi-cjbf 507
2916
2
2917
2
2918
1
2919
2
2920
1
cjbj-cjca 507
2921
1
2922
1
2923
2
2924
1
2925
1
2926
1
2927
1
2928
1
2929
1
2930
1
2931
1
2932
1
2933
2
2934
1
2935
1
2936
1
2937
2
2938
1
2939
1
2940
1
2941
1
2942
1
2943
1
2944
1
2945
1
2946
1
2947
1
2948
1
ebad-cjei 507
2949
2
2950
1
2951
1
2952
2
2953
1
2954
1
2955
1
cjfc-cjff 507
2956
1
2957
1
2958
1
2959
1
2960
1
2961
1
2962
1
2963
1
2964
1
2965
1
2966
2
2967
1
2968
1
2969
2
2970
1
2971
2
2972
1
2973
1
2974
1
2975
1
2976
2
2977
1
cjhg-cjhh 507
2978
1
2979
1
2980
2
2981
1
2982
1
2983
1
2984
2
2985
1
2986
2
2987
1
2988
1
2989
1
2990
1
2991
1
2992
2
2993
2
2994
3
2995
1
2996
1
cjjj-cjjg 507
2997
1
2998
1
2999
2
3000
1
3001
1
3002
1
3003
2
3004
1
3005
2
3006
3
3007
1
3008
1
3009
1
3010
1
3011
1
3012
1
3013
1
3014
1
3015
1
3016
1
3017
1
3018
1
3019
2
3020
1
dabj-daca 507
3021
2
3022
1
3023
1
3024
1
3025
1
3026
1
3027
1
3028
1
3029
1
3030
1
3031
2
3032
1
3033
1
3034
1
3035
1
3036
1
3037
1
3038
1
3039
1
dadd-dadj 507
3040
1
3041
1
3042
1
3043
2
3044
1
3045
1
3046
1
3047
1
3048
1
3049
1
3050
1
3051
1
3052
1
3053
1
3054
1
3055
1
3056
3
3057
1
3058
1
3059
2
3060
1
3061
1
3062
1
dagj-dagc 507
3063
1
3064
1
3065
2
3066
2
3067
1
3068
1
3069
2
daha-dagj 507
3070
3
daeg-daha 507
3071
1
3072
1
3073
1
3074
1
3075
1
3076
1
3077
1
3078
1
3079
1
3080
2
3081
1
3082
1
3083
2
3084
1
3085
1
3086
1
3087
1
3088
1
3089
1
3090
1
3091
1
3092
1
3093
1
3094
1
3095
1
3096
1
dcbe-dajg 507
3097
1
3098
1
3099
1
3100
1
3101
1
3102
1
3103
1
dbac-dbad 507
3104
1
3105
1
3106
1
3107
1
3108
1
3109
1
3110
1
3111
1
3112
1
3113
1
3114
1
3115
1
3116
1
dbbh-dbbg 507
3117
1
3118
1
3119
1
dche-dbbj 507
3120
1
3121
1
dbcc-dbcb 507
3122
4
dbbf-dbcc 507
3123
1
3124
3
3125
2
3126
2
3127
2
3128
1
3129
1
3130
1
3131
1
3132
1
3133
1
3134
1
3135
1
3136
1
3137
2
3138
1
3139
1
3140
1
3141
1
dbei-dbeb 507
3142
1
3143
1
cghj-dbed 507
3144
2
3145
1
3146
1
3147
2
dbee-dbeh 507
3148
2
3149
1
3150
1
3151
1
3152
2
3153
1
3154
2
3155
1
dcba-dbff 507
3156
2
3157
1
3158
1
3159
1
dbga-dbfj 507
3160
2
3161
1
3162
1
3163
6
dbja-dbgd 75
dbjf-dbgd 280
dbjh-dbgd 75
dbjj-dbgd 75
3164
1
dbgd-dbge 507
3165
2
dbii-dbgf 507
3166
1
3167
1
3168
1
3169
1
3170
1
dbgj-dbha 507
3171
1
3172
1
3173
1
3174
1
3175
1
3176
1
3177
1
3178
1
3179
1
3180
1
3181
1
3182
1
3183
1
3184
2
dbhb-dbie 507
3185
1
3186
1
3187
1
3188
2
3189
1
3190
1
3191
1
3192
1
3193
1
3194
1
3195
2
3196
1
3197
1
3198
1
3199
1
3200
2
3201
2
3202
1
dcaa-dcac 507
3203
1
3204
1
3205
1
3206
1
3207
1
3208
1
3209
2
3210
2
dgaj-dcba 507
3211
1
3212
1
3213
1
3214
3
3215
2
3216
1
3217
1
3218
1
3219
1
3220
1
3221
1
3222
1
3223
1
3224
1
dcci-dcce 507
3225
2
dcch-dccf 507
3226
2
3227
1
3228
7
dcbc-dcci 161
dcbe-dcci 46
dcbf-dcci 46
dcbg-dcci 46
dcbh-dcci 46
dcbj-dcci 161
3229
1
3230
1
3231
1
3232
1
3233
1
3234
1
3235
1
3236
1
3237
1
3238
1
3239
4
dcee-dcdj 507
3240
1
3241
2
dcgh-dceb 507
3242
3
3243
1
3244
1
3245
1
dcdj-dcef 507
3246
1
3247
1
3248
1
3249
1
3250
1
dcec-dcfa 507
3251
2
3252
1
3253
1
3254
1
3255
1
3256
1
3257
2
3258
2
dcgh-dcfi 507
3259
1
3260
1
3261
1
3262
1
3263
1
3264
1
3265
1
3266
1
3267
2
3268
1
3269
1
3270
1
3271
1
3272
1
3273
1
3274
3
3275
2
dcfh-dchf 507
3276
1
3277
1
3278
1
3279
1
3280
2
3281
1
3282
2
3283
1
3284
1
3285
1
3286
1
3287
1
3288
1
3289
1
dcih-dcij 507
3290
1
3291
1
3292
1
3293
1
3294
2
3295
1
dcjj-dcjf 507
3296
1
3297
1
3298
1
3299
2
3300
1
3301
2
3302
1
3303
1
3304
1
3305
1
3306
2
3307
1
3308
1
3309
1
3310
1
3311
1
3312
2
3313
1
3314
1
3315
2
3316
2
3317
1
ddbg-ddbh 507
3318
2
3319
1
3320
1
3321
1
3322
1
3323
1
3324
1
3325
1
3326
1
3327
1
3328
1
3329
1
3330
2
ddci-ddda 507
3331
1
3332
1
3333
1
cjbg-dddd 507
3334
1
ebhc-ddde 507
3335
2
3336
1
3337
1
3338
2
3339
1
3340
2
ddeb-ddea 507
3341
2
dccf-ddeb 507
3342
1
3343
1
3344
1
3345
1
3346
1
3347
1
3348
1
ddej-ddei 507
3349
3
3350
1
3351
1
3352
1
3353
1
3354
3
ddfg-ddfe 507
3355
1
ddfj-ddff 507
3356
2
3357
3
3358
1
3359
2
3360
1
3361
1
3362
1
3363
1
3364
1
3365
1
3366
1
3367
2
3368
3
3369
2
3370
1
3371
3
ddgi-ddhb 380
ddhe-ddhb 126
3372
1
3373
1
3374
2
3375
1
ddhb-ddhf 507
3376
3
3377
1
3378
1
ddhg-ddhi 507
3379
1
3380
1
3381
1
3382
1
3383
1
3384
1
3385
1
3386
1
3387
1
3388
1
3389
1
3390
2
3391
1
3392
1
3393
1
3394
1
3395
1
3396
1
3397
1
3398
1
3399
1
3400
1
3401
2
3402
1
3403
2
3404
1
3405
1
3406
1
3407
1
3408
1
3409
3
3410
1
3411
1
3412
1
3413
2
3414
4
3415
3
3416
3
3417
1
3418
1
3419
1
3420
1
3421
1
3422
2
3423
2
3424
1
3425
1
3426
1
3427
1
3428
1
3429
1
3430
1
3431
1
3432
1
3433
1
3434
1
3435
1
3436
1
3437
1
ddhb-dedh 507
3438
2
3439
2
3440
2
3441
1
dehf-deeb 507
3442
2
3443
1
3444
1
3445
2
3446
2
3447
1
3448
2
3449
1
3450
1
3451
1
3452
2
3453
1
3454
3
dejd-defe 507
3455
3
deaj-deff 507
3456
1
3457
1
3458
2
3459
1
3460
1
3461
2
3462
1
3463
2
3464
5
3465
1
3466
1
3467
1
3468
1
3469
7
deba-degj 340
debc-degj 13
debd-degj 48
debf-degj 104
3470
4
3471
5
3472
3
3473
3
3474
3
3475
3
debc-dehf 108
debd-dehf 108
debg-dehf 289
3476
1
3477
1
dehe-dehh 507
3478
1
3479
1
3480
2
3481
2
3482
1
3483
1
3484
1
3485
2
3486
1
3487
1
3488
1
3489
1
3490
1
3491
2
dcbf-dejb 507
3492
1
3493
2
cfce-dejd 507
3494
4
3495
1
3496
1
3497
1
3498
1
3499
1
3500
1
3501
1
3502
1
3503
1
3504
2
3505
1
dfhg-dfaf 507
3506
1
3507
1
3508
1
3509
1
dfca-dfaj 507
3510
3
dfbd-dfba 507
3511
1
3512
2
3513
1
3514
3
3515
1
3516
1
3517
2
3518
1
3519
1
3520
2
3521
1
3522
2
3523
2
3524
1
3525
1
3526
1
3527
1
3528
3
3529
1
3530
1
3531
2
3532
1
3533
1
3534
1
3535
1
3536
1
3537
1
3538
1
3539
1
3540
1
3541
1
3542
2
3543
1
3544
1
3545
1
3546
2
3547
1
3548
1
3549
1
3550
1
3551
1
3552
1
3553
2
dffg-dffd 507
3554
1
3555
2
3556
2
3557
2
3558
1
3559
2
3560
1
3561
2
dcej-dfgb 507
3562
1
3563
2
3564
2
3565
1
3566
1
3567
1
3568
2
3569
1
dcah-dfgj 507
3570
1
dcag-dfha 507
3571
1
dcaf-dfhb 507
3572
1
dcai-dfhc 507
3573
1
dcah-dfhd 507
3574
1
3575
1
dfae-dfhf 507
3576
2
dfhi-dfhg 322
dfhj-dfhg 184
3577
1
dfid-dfhh 507
3578
4
dfgj-dfhi 152
dfhe-dfhi 354
3579
2
dfhc-dfhj 507
3580
1
3581
1
3582
1
dfhi-dfic 507
3583
2
3584
1
3585
1
3586
2
3587
1
3588
2
3589
2
3590
1
3591
1
3592
1
3593
1
3594
1
3595
3
3596
1
3597
1
3598
2
3599
1
3600
2
3601
1
3602
2
3603
1
djdd-dgad 507
3604
1
3605
1
3606
1
3607
2
3608
1
3609
2
3610
1
3611
1
3612
1
3613
1
3614
1
3615
1
3616
1
3617
1
3618
1
3619
1
3620
2
3621
1
3622
2
3623
1
3624
1
3625
1
3626
1
3627
1
3628
1
3629
1
3630
1
3631
1
3632
1
3633
2
3634
1
3635
1
3636
1
3637
2
3638
1
3639
1
3640
1
3641
1
3642
1
3643
1
3644
1
3645
1
3646
1
3647
1
3648
1
3649
1
3650
1
3651
1
3652
1
3653
1
3654
3
3655
2
dggh-dgff 507
3656
1
3657
1
3658
1
3659
1
3660
1
3661
2
3662
1
3663
2
3664
1
3665
1
3666
1
3667
4
dgfi-dggh 481
dgfj-dggh 12
dgga-dggh 12
3668
1
3669
1
3670
1
3671
1
3672
1
3673
1
3674
1
3675
1
3676
1
3677
1
3678
1
3679
1
3680
1
3681
1
3682
1
3683
1
dgje-dgid 507
3684
1
3685
3
3686
1
3687
1
3688
1
3689
1
3690
1
3691
1
3692
3
3693
1
3694
1
dgja-dgje 507
3695
2
3696
1
3697
1
3698
1
3699
2
3700
1
3701
1
3702
1
3703
1
3704
1
3705
1
3706
1
3707
1
3708
1
3709
1
3710
2
3711
1
3712
1
3713
1
3714
2
3715
1
3716
1
3717
1
3718
1
3719
2
3720
1
3721
1
3722
1
3723
1
3724
1
3725
1
3726
1
3727
1
3728
1
3729
1
3730
1
3731
1
3732
1
3733
1
3734
3
3735
2
3736
1
3737
1
3738
1
3739
1
3740
1
3741
2
3742
2
3743
1
3744
1
dhec-dhee 507
3745
1
3746
1
3747
2
dheg-dheh 507
3748
2
3749
2
3750
1
3751
1
3752
1
3753
1
3754
3
3755
1
3756
1
3757
1
3758
2
3759
2
3760
2
3761
1
3762
2
3763
1
3764
1
3765
1
3766
1
3767
1
3768
1
3769
1
3770
1
3771
1
3772
1
3773
2
dhhb-dhhd 507
3774
1
3775
1
3776
1
3777
1
3778
3
3779
1
3780
1
3781
1
3782
1
3783
1
3784
2
3785
2
3786
1
3787
1
3788
1
dhjb-dhii 507
3789
2
3790
1
dhij-dhja 507
3791
4
ciga-dhjb 507
3792
1
3793
2
3794
1
3795
1
3796
1
3797
1
3798
1
3799
1
3800
1
3801
2
3802
3
3803
3
3804
1
3805
1
dhjh-diaf 507
3806
1
3807
2
3808
1
3809
1
3810
1
deei-diba 507
3811
2
3812
1
3813
1
3814
1
3815
1
3816
1
3817
1
3818
1
3819
1
3820
1
3821
1
3822
1
3823
1
3824
1
3825
1
3826
1
3827
1
3828
1
3829
1
3830
1
3831
1
3832
1
3833
3
3834
1
3835
1
3836
1
3837
1
3838
1
3839
1
3840
1
3841
4
3842
2
3843
1
3844
1
3845
1
3846
1
3847
1
3848
1
3849
1
diec-diej 507
3850
2
3851
2
3852
1
3853
1
dhde-difd 507
3854
1
3855
1
3856
1
3857
1
3858
1
3859
2
3860
3
3861
1
3862
1
3863
1
3864
1
3865
1
3866
1
3867
1
3868
1
3869
1
3870
1
digh-diha 507
3871
6
dijg-dihb 507
3872
1
3873
2
3874
1
3875
1
3876
1
3877
1
3878
2
3879
1
3880
1
3881
2
3882
1
3883
2
3884
1
3885
1
3886
1
3887
1
3888
2
3889
2
3890
1
3891
1
3892
2
3893
1
dihd-dijd 507
3894
1
3895
3
3896
2
3897
2
3898
1
3899
1
3900
3
diij-djaa 253
dijh-djaa 253
3901
1
3902
1
3903
1
3904
1
3905
1
3906
1
3907
2
3908
1
3909
1
3910
1
3911
1
3912
1
3913
1
3914
1
3915
1
3916
1
3917
1
3918
1
3919
2
3920
1
3921
1
3922
1
3923
1
3924
1
3925
1
3926
4
3927
1
3928
2
3929
2
djaa-djcj 507
3930
1
3931
1
3932
1
3933
3
3934
2
dgac-djde 507
3935
2
3936
1
3937
2
3938
1
3939
1
3940
1
3941
1
3942
1
3943
1
3944
2
3945
1
3946
1
3947
1
djeg-djeh 507
3948
1
3949
1
3950
1
3951
1
3952
1
3953
1
3954
1
3955
1
3956
2
3957
1
3958
1
3959
1
3960
1
3961
1
3962
1
3963
1
3964
1
3965
1
3966
1
3967
1
3968
1
3969
1
3970
1
3971
1
3972
1
3973
1
3974
1
3975
7
deje-djhf 84
djhg-djhf 42
djhh-djhf 42
djhi-djhf 147
djhj-djhf 42
djic-djhf 147
3976
4
3977
1
3978
1
3979
1
3980
1
3981
1
3982
1
3983
4
3984
1
3985
1
3986
2
3987
1
3988
1
3989
1
3990
1
3991
2
3992
2
3993
2
3994
2
3995
2
3996
2
3997
1
3998
1
3999
1
4000
1
4001
2
4002
2
eaaa-eaac 507
4003
1
eaac-eaad 507
4004
1
4005
2
4006
3
4007
1
4008
1
4009
1
4010
1
4011
2
4012
2
4013
1
eabb-eabd 507
4014
2
4015
2
4016
1
eabc-eabg 507
4017
1
4018
1
4019
1
4020
1
4021
1
4022
1
4023
1
4024
1
4025
1
4026
1
4027
1
4028
1
4029
1
4030
1
4031
2
4032
1
4033
1
4034
1
4035
1
4036
1
4037
1
4038
1
4039
1
4040
1
4041
1
4042
1
4043
1
4044
1
4045
1
4046
3
4047
2
4048
2
4049
2
4050
1
4051
1
4052
1
4053
1
4054
1
4055
2
4056
1
4057
3
4058
2
4059
1
4060
1
4061
2
4062
1
4063
2
4064
1
4065
1
4066
1
4067
1
4068
1
4069
2
4070
1
4071
2
4072
1
4073
1
4074
1
4075
1
4076
1
4077
2
4078
2
4079
1
4080
1
4081
1
4082
1
4083
1
4084
1
djib-eaie 507
4085
1
4086
1
4087
1
4088
1
4089
1
4090
1
4091
1
4092
1
eaig-eajc 507
4093
1
4094
1
4095
1
4096
1
4097
1
4098
1
4099
2
4100
1
eaji-ebaa 507
4101
1
4102
1
4103
1
4104
1
4105
1
4106
1
4107
1
4108
1
4109
1
4110
2
4111
1
4112
1
4113
1
4114
1
4115
1
4116
1
4117
1
4118
1
4119
1
4120
1
4121
1
4122
1
4123
1
4124
1
4125
1
4126
1
4127
1
4128
1
4129
1
4130
1
4131
2
4132
1
4133
1
4134
1
4135
1
4136
1
4137
1
4138
1
4139
1
4140
1
ebdh-ebea 507
4141
1
4142
1
4143
1
4144
1
ebej-ebee 507
4145
1
4146
1
4147
1
4148
1
4149
1
4150
2
4151
1
4152
2
4153
1
4154
1
4155
1
4156
1
4157
1
4158
1
4159
2
4160
1
4161
2
4162
1
4163
2
4164
1
4165
1
4166
1
4167
1
4168
1
4169
1
4170
2
4171
1
4172
2
4173
1
4174
1
4175
1
4176
1
4177
2
4178
1
ebhh-ebhi 507
4179
1
4180
1
4181
1
4182
1
4183
1
4184
2
4185
1
4186
1
ebih-ebig 507
4187
2
4188
1
4189
1
4190
1
4191
1
4192
1
4193
1
4194
1
4195
1
4196
1
4197
1
4198
2
4199
1
4200
1
4201
1
4202
1
4203
1
4204
1
4205
1
4206
1
4207
2
4208
1
4209
1
4210
1
4211
2
4212
1
4213
1
ecaj-ecbd 507
4214
1
4215
1
4216
1
4217
1
4218
1
4219
2
4220
1
4221
1
4222
4
4223
2
4224
2
4225
2
4226
2
ecgb-eccg 507
4227
2
4228
2
4229
2
4230
2
4231
2
4232
4
ecdf-ecdc 507
4233
2
4234
2
4235
1
4236
4
ecgj-ecdg 507
4237
2
4238
2
4239
2
4240
2
ecdg-ecea 507
4241
2
4242
2
eccb-ecec 507
4243
2
4244
2
4245
2
4246
2
4247
2
4248
4
ecga-ecei 507
4249
2
4250
2
4251
1
4252
2
4253
2
4254
2
4255
2
4256
2
4257
2
4258
2
4259
2
4260
1
4261
1
4262
2
4263
2
4264
2
4265
4
ecgh-ecgf 507
4266
1
4267
3
4268
2
ecfb-ecgi 507
4269
1
4270
2
ecgg-echa 507
4271
1
4272
1
4273
2
4274
1
4275
2
echb-echf 253
echh-echf 253
4276
1
4277
1
4278
5
hacd-echi 161
hagd-echi 345
4279
2
4280
2
4281
2
ecii-ecib 507
4282
2
echj-ecic 507
4283
2
4284
2
ecja-ecie 507
4285
2
4286
3
4287
2
4288
3
4289
3
echi-ecij 507
4290
1
4291
2
4292
2
4293
1
4294
1
4295
2
4296
1
4297
1
4298
1
4299
3
4300
2
4301
1
4302
2
edae-edac 507
4303
1
edbg-edad 507
4304
2
fgii-edae 507
4305
1
4306
2
4307
2
4308
1
4309
1
4310
3
4311
1
4312
1
4313
1
4314
1
4315
2
4316
2
4317
1
4318
1
4319
1
4320
1
4321
1
4322
1
4323
1
4324
1
4325
1
4326
1
4327
1
4328
1
4329
1
4330
1
4331
1
4332
1
eddi-eddc 507
4333
1
4334
2
4335
1
4336
1
4337
1
4338
2
4339
1
4340
1
4341
1
4342
2
4343
1
edfi-eded 507
4344
1
4345
1
4346
2
4347
1
4348
1
4349
1
4350
1
4351
1
fgii-edfb 507
4352
1
4353
1
edej-edfd 507
4354
1
4355
1
4356
1
4357
2
4358
1
4359
1
4360
1
4361
1
4362
1
gedi-edgc 507
4363
1
4364
1
4365
1
4366
1
4367
1
4368
1
4369
1
4370
1
4371
1
4372
1
4373
1
4374
1
4375
1
4376
1
4377
1
4378
1
4379
1
4380
2
4381
1
4382
1
4383
1
edia-edid 507
4384
1
4385
1
4386
1
4387
1
4388
1
4389
1
4390
1
4391
1
4392
1
4393
2
4394
1
4395
2
4396
1
4397
1
4398
1
4399
1
4400
1
4401
1
4402
1
4403
1
4404
1
4405
1
4406
1
4407
1
4408
2
4409
1
4410
1
4411
2
4412
2
4413
1
eebg-eebd 507
4414
1
4415
2
4416
1
4417
1
4418
1
4419
2
4420
1
4421
2
eece-eecb 507
4422
1
4423
1
4424
1
4425
1
4426
1
4427
1
4428
2
eedi-eeci 507
4429
1
4430
1
4431
1
4432
2
4433
1
4434
1
4435
1
4436
2
4437
2
eeed-eedh 507
4438
1
4439
1
4440
1
4441
3
4442
1
4443
1
4444
1
4445
1
4446
3
4447
1
4448
1
4449
1
4450
1
4451
1
4452
1
4453
1
4454
2
eeea-eefe 507
4455
1
4456
1
4457
1
4458
1
4459
1
4460
1
4461
1
4462
1
4463
1
4464
2
4465
2
4466
2
4467
1
4468
1
4469
2
4470
1
4471
1
4472
1
4473
1
4474
1
4475
1
4476
1
4477
1
4478
1
4479
1
4480
1
4481
2
4482
1
4483
1
4484
1
4485
1
4486
1
4487
1
4488
2
4489
1
4490
1
4491
2
4492
1
4493
3
eeji-eejd 507
4494
2
4495
1
4496
1
4497
2
4498
1
4499
2
4500
1
4501
2
4502
1
4503
1
4504
1
4505
1
4506
2
4507
2
4508
3
4509
1
4510
1
4511
1
4512
1
4513
1
4514
1
4515
1
4516
1
4517
2
4518
1
4519
1
4520
1
4521
1
4522
4
4523
2
4524
2
4525
1
4526
1
4527
1
4528
1
4529
1
4530
1
4531
1
4532
2
4533
1
4534
1
4535
1
4536
1
4537
1
4538
2
4539
2
4540
2
4541
1
4542
1
4543
1
4544
1
4545
2
4546
1
4547
1
4548
1
4549
1
4550
1
4551
2
4552
1
4553
1
4554
1
effc-effe 507
4555
2
4556
1
4557
1
4558
1
4559
1
4560
1
4561
1
4562
1
4563
1
4564
1
4565
1
4566
1
4567
2
4568
2
4569
1
4570
2
4571
1
4572
1
4573
1
4574
1
4575
1
4576
1
4577
1
4578
1
4579
1
4580
3
4581
1
4582
2
4583
1
4584
1
4585
1
4586
1
4587
2
4588
1
faee-efii 507
4589
1
4590
1
4591
1
4592
1
4593
1
4594
2
4595
2
4596
1
4597
1
4598
1
4599
3
4600
1
4601
1
4602
1
4603
1
4604
1
4605
1
4606
2
4607
1
4608
1
4609
2
egad-egaj 507
4610
1
4611
1
4612
1
4613
1
4614
1
4615
2
4616
1
4617
1
4618
1
4619
1
4620
1
4621
1
4622
1
4623
3
4624
1
4625
1
4626
1
egch-egcg 507
4627
2
4628
4
4629
1
4630
1
4631
1
egci-egdb 507
4632
1
4633
1
4634
1
4635
1
4636
1
4637
1
4638
1
4639
1
4640
1
4641
1
4642
1
4643
1
egef-eged 507
4644
1
4645
1
4646
1
4647
1
4648
1
4649
1
4650
2
4651
1
4652
1
4653
1
4654
1
4655
1
4656
1
4657
1
4658
1
4659
1
4660
1
4661
2
4662
2
4663
1
gbfg-eggd 507
4664
1
4665
1
4666
1
4667
1
4668
1
4669
1
4670
1
4671
1
4672
1
4673
1
egih-eghd 507
4674
1
4675
1
4676
1
4677
1
egia-eghh 507
4678
1
4679
1
4680
3
egig-egia 63
egih-egia 221
egii-egia 221
4681
2
4682
1
4683
1
4684
1
4685
1
4686
1
4687
2
4688
1
4689
1
4690
1
4691
1
4692
1
4693
1
4694
1
4695
2
4696
3
4697
1
4698
1
4699
1
4700
1
4701
1
4702
1
4703
1
4704
1
4705
1
4706
1
4707
1
4708
1
4709
2
4710
1
4711
3
4712
1
4713
1
ehbb-ehbd 507
4714
1
4715
1
4716
1
4717
1
4718
1
4719
1
4720
1
4721
1
4722
1
4723
1
4724
1
4725
1
4726
1
4727
2
4728
3
4729
1
4730
1
4731
1
4732
2
4733
2
4734
1
4735
3
fcae-ehdf 507
4736
1
4737
1
4738
1
4739
1
4740
2
4741
2
4742
1
4743
1
4744
1
4745
1
4746
1
4747
1
4748
2
4749
1
4750
3
4751
2
4752
1
giaa-ehfc 507
4753
1
fbgf-ehfd 507
4754
1
4755
1
4756
1
4757
1
4758
1
4759
2
4760
1
4761
2
4762
1
4763
1
4764
1
4765
1
4766
1
4767
1
ehga-ehgh 507
4768
1
4769
2
4770
1
4771
1
4772
1
4773
1
4774
1
4775
1
4776
2
4777
1
4778
1
4779
1
4780
1
4781
2
4782
1
4783
1
4784
1
4785
1
4786
1
4787
2
ehig-ehih 507
4788
1
4789
1
4790
1
4791
2
4792
1
4793
1
4794
1
4795
1
4796
1
4797
1
4798
2
4799
1
4800
2
4801
1
4802
1
4803
1
4804
1
4805
2
4806
2
4807
1
4808
1
4809
2
4810
1
4811
1
4812
1
eiaj-eibc 507
4813
1
4814
3
4815
1
4816
1
4817
2
4818
1
4819
1
4820
1
4821
1
4822
1
4823
1
4824
1
4825
1
4826
1
4827
1
4828
1
4829
1
4830
1
4831
1
4832
3
4833
1
4834
1
4835
1
4836
2
4837
1
4838
1
4839
2
gjhc-eidj 507
4840
2
4841
1
4842
1
4843
1
4844
2
4845
1
4846
1
4847
1
4848
2
4849
2
4850
1
4851
1
4852
1
4853
1
4854
1
4855
1
4856
2
4857
3
geec-eifh 507
4858
1
4859
1
4860
1
4861
1
4862
1
4863
1
4864
1
4865
1
4866
2
4867
1
4868
1
4869
1
4870
1
4871
1
4872
1
4873
1
4874
1
4875
1
4876
1
4877
1
4878
1
4879
1
4880
1
4881
1
4882
1
4883
1
4884
1
4885
1
4886
1
4887
1
4888
1
4889
1
4890
1
4891
1
4892
1
4893
1
4894
2
4895
1
4896
1
4897
1
4898
1
4899
1
4900
1
4901
1
4902
1
ejaf-ejac 507
4903
1
4904
1
4905
5
ejbh-ejaf 22
ejbi-ejaf 22
ejbj-ejaf 169
ejcb-ejaf 292
4906
11
ejbc-ejag 146
ejbd-ejag 84
ejbe-ejag 84
ejbf-ejag 11
ejbg-ejag 39
ejcc-ejag 39
ejcd-ejag 11
ejce-ejag 39
ejcf-ejag 11
ejch-ejag 39
4907
1
4908
1
4909
1
4910
1
ejag-ejba 507
4911
1
4912
1
4913
1
4914
1
4915
1
4916
1
4917
1
4918
1
4919
1
4920
1
4921
1
4922
1
4923
1
4924
1
4925
1
4926
1
4927
1
4928
1
4929
1
ejde-ejcj 507
4930
1
4931
2
4932
1
4933
1
4934
2
4935
1
4936
1
4937
1
4938
1
4939
1
4940
1
4941
1
4942
1
4943
1
4944
1
4945
1
4946
1
4947
1
4948
1
4949
1
4950
1
4951
1
4952
1
4953
1
4954
1
4955
1
4956
1
4957
1
4958
1
4959
1
4960
1
4961
1
4962
1
4963
1
4964
1
4965
1
4966
1
4967
1
4968
1
4969
2
4970
1
4971
1
4972
1
4973
1
4974
1
4975
1
4976
1
4977
3
ejhf-ejhh 507
4978
1
4979
1
4980
1
4981
1
4982
1
4983
1
4984
1
4985
1
4986
1
4987
1
4988
1
4989
2
4990
1
4991
1
4992
2
gffd-ejjc 507
4993
1
4994
1
ejjh-ejje 507
4995
3
4996
1
4997
2
4998
1
4999
1
5000
1
5001
1
5002
1
5003
2
5004
1
5005
2
5006
1
5007
1
5008
1
5009
1
fehb-faaj 507
5010
2
5011
1
5012
1
5013
1
5014
1
5015
1
5016
1
5017
1
5018
1
5019
2
5020
3
5021
1
5022
1
5023
2
5024
2
5025
1
5026
1
5027
1
fhcb-fach 507
5028
1
5029
1
5030
1
5031
1
5032
1
5033
1
5034
1
5035
1
5036
2
5037
1
5038
1
5039
1
5040
1
5041
1
5042
1
5043
1
5044
2
5045
1
5046
1
5047
1
5048
1
5049
1
fafa-faej 507
5050
2
5051
1
5052
2
5053
1
5054
1
5055
1
5056
1
5057
1
5058
3
5059
1
5060
1
5061
1
5062
1
5063
1
5064
1
5065
1
5066
1
fagj-fagg 507
5067
1
5068
1
5069
3
5070
1
5071
1
5072
2
faie-fahc 507
5073
2
5074
1
5075
1
5076
2
5077
2
fahd-fahh 507
5078
1
5079
2
fage-fahj 507
5080
1
5081
1
5082
1
5083
2
5084
1
5085
2
5086
1
5087
1
faif-faih 507
5088
1
5089
1
5090
1
5091
1
5092
2
5093
2
5094
1
5095
1
5096
1
faji-fajg 507
5097
1
5098
2
5099
1
5100
1
5101
1
5102
1
5103
1
5104
2
fbag-fbae 507
5105
1
5106
1
5107
1
5108
1
5109
1
5110
1
5111
1
5112
1
5113
1
5114
1
5115
1
5116
1
5117
1
5118
1
5119
1
5120
2
5121
1
5122
1
5123
1
5124
1
5125
1
5126
1
5127
2
5128
1
5129
1
5130
1
5131
1
5132
1
5133
1
5134
1
gjjh-fbde 507
5135
1
5136
1
5137
1
5138
1
5139
1
fbec-fbdj 507
5140
2
5141
1
5142
3
5143
1
5144
1
5145
2
5146
2
fbef-fbeg 507
5147
3
fbfe-fbeh 507
5148
1
5149
1
5150
1
5151
3
5152
3
5153
1
5154
3
fbeg-fbfe 507
5155
3
5156
2
5157
2
5158
2
5159
2
5160
1
5161
1
5162
1
5163
1
5164
1
5165
1
5166
1
fbhb-fbgg 507
5167
1
5168
1
5169
1
5170
1
5171
3
fbii-fbhb 507
5172
2
fbjh-fbhc 253
fbjj-fbhc 253
5173
2
fbji-fbhd 507
5174
1
5175
1
5176
1
5177
1
5178
1
5179
1
5180
1
5181
2
5182
1
5183
1
5184
1
5185
2
5186
1
5187
1
5188
2
ffgi-fbii 507
5189
3
fbjc-fbij 507
5190
1
fbjg-fbja 507
5191
1
5192
4
fbjj-fbjc 92
fcaa-fbjc 92
fcab-fbjc 322
5193
1
5194
1
5195
1
5196
1
5197
1
5198
1
5199
1
5200
1
5201
1
5202
1
5203
1
5204
1
5205
1
5206
4
5207
2
fgbg-fcah 507
5208
1
5209
2
5210
1
5211
2
5212
1
eege-fcbc 507
5213
1
5214
2
5215
1
5216
1
5217
1
fccb-fcbh 507
5218
1
5219
1
5220
2
5221
3
5222
1
5223
1
5224
1
5225
1
fcce-fccf 507
5226
2
5227
2
5228
1
5229
2
5230
1
5231
2
5232
1
5233
2
5234
1
5235
1
5236
1
5237
1
5238
1
5239
1
5240
1
5241
2
5242
1
5243
2
5244
1
5245
2
5246
2
5247
2
fcei-fceh 507
5248
1
5249
4
5250
1
ffgb-fcfa 507
5251
2
5252
1
5253
1
5254
1
5255
4
5256
1
5257
1
5258
2
fcfd-fcfi 507
5259
1
5260
1
fcfb-fcga 507
5261
4
5262
1
5263
1
5264
1
5265
1
5266
1
5267
1
5268
1
5269
1
5270
1
5271
1
5272
1
5273
1
5274
1
5275
1
5276
1
5277
1
5278
1
5279
1
5280
2
5281
1
5282
2
fcib-fcic 507
5283
1
5284
1
5285
1
5286
1
5287
1
5288
1
5289
2
5290
1
5291
1
5292
1
5293
1
5294
1
5295
1
5296
1
5297
2
5298
1
5299
1
5300
1
5301
1
5302
1
5303
1
5304
2
5305
1
5306
1
5307
1
5308
1
5309
1
5310
1
5311
2
5312
1
5313
1
5314
1
5315
1
5316
1
5317
1
5318
1
5319
1
5320
1
5321
1
5322
1
5323
2
ffec-fdcd 507
5324
1
5325
1
5326
1
5327
1
5328
1
5329
1
5330
1
5331
1
5332
1
5333
1
5334
1
5335
1
5336
1
5337
1
5338
1
fddg-fddi 507
5339
2
5340
1
5341
1
5342
1
5343
1
5344
1
5345
1
5346
1
5347
1
5348
1
5349
1
5350
1
5351
2
5352
1
5353
1
5354
1
5355
1
5356
3
gejd-fdfg 322
geje-fdfg 92
gejf-fdfg 92
5357
1
5358
2
fdfg-fdfi 507
5359
1
5360
1
5361
1
5362
1
5363
3
gddd-fdgd 507
5364
1
5365
1
5366
3
5367
1
5368
2
5369
1
egea-fdgj 507
5370
1
5371
1
5372
1
5373
1
5374
1
5375
1
5376
1
5377
1
5378
1
5379
1
5380
1
5381
1
5382
1
5383
1
5384
1
5385
1
5386
1
5387
6
5388
1
5389
1
5390
1
5391
2
5392
1
5393
1
5394
2
5395
1
fdih-fdjf 507
5396
2
5397
2
5398
1
5399
1
5400
3
5401
1
5402
1
5403
1
5404
1
5405
1
5406
1
5407
1
fdih-feah 507
5408
1
5409
1
5410
1
5411
1
5412
1
5413
1
5414
1
5415
1
5416
1
5417
1
5418
1
5419
1
5420
1
5421
1
5422
3
fdih-fecc 507
5423
1
5424
1
5425
1
5426
2
5427
1
5428
1
5429
1
5430
1
5431
1
5432
2
5433
1
5434
2
5435
1
5436
1
5437
1
fech-fedh 507
5438
1
5439
1
5440
1
5441
1
5442
1
5443
1
5444
1
5445
1
5446
1
5447
2
5448
2
5449
1
5450
1
5451
1
5452
1
5453
1
5454
1
5455
1
5456
1
5457
2
5458
1
5459
1
5460
1
5461
1
5462
5
5463
1
fhce-fegd 507
5464
1
fegc-fege 507
5465
1
5466
1
5467
2
5468
1
5469
1
5470
1
5471
1
5472
1
5473
2
5474
1
5475
2
5476
1
5477
1
5478
1
5479
1
5480
1
5481
1
5482
1
5483
1
5484
1
5485
1
5486
1
5487
1
5488
1
5489
1
5490
1
5491
1
5492
1
5493
1
5494
1
5495
1
5496
1
5497
1
5498
1
5499
1
5500
1
5501
1
5502
1
5503
1
5504
2
5505
2
5506
2
5507
1
5508
2
5509
1
5510
1
5511
1
5512
1
5513
2
5514
1
5515
1
5516
1
5517
1
5518
1
5519
1
5520
1
5521
2
5522
1
5523
1
5524
1
5525
1
5526
1
5527
1
5528
1
5529
1
5530
1
5531
1
5532
1
5533
1
5534
1
5535
1
5536
1
5537
1
5538
1
5539
1
5540
1
5541
1
ffed-ffeb 507
5542
1
ffed-ffec 507
5543
1
5544
2
5545
1
5546
1
5547
1
5548
1
5549
1
5550
1
5551
1
5552
1
5553
1
5554
1
5555
1
5556
1
5557
2
5558
1
5559
1
5560
2
5561
2
5562
1
5563
1
5564
1
5565
1
5566
1
5567
1
5568
2
fhie-ffgi 507
5569
1
5570
1
5571
1
5572
1
5573
1
5574
1
5575
1
5576
1
5577
1
5578
1
5579
1
5580
2
5581
1
5582
1
5583
1
5584
1
5585
2
5586
2
5587
2
5588
1
ffhi-ffii 507
5589
2
5590
1
5591
1
5592
3
ffje-ffjc 507
5593
1
5594
1
5595
1
5596
1
5597
1
5598
1
5599
2
5600
1
5601
1
5602
1
5603
1
5604
1
5605
1
5606
1
5607
1
5608
1
5609
1
5610
1
5611
2
fgif-fgbb 507
5612
1
5613
3
5614
5
5615
1
5616
2
5617
1
5618
1
5619
1
fgbd-fgbj 507
5620
1
fgbe-fgca 507
5621
2
5622
1
5623
1
5624
1
5625
1
5626
2
5627
2
5628
1
5629
1
5630
1
5631
1
5632
1
5633
1
5634
1
5635
1
5636
1
5637
1
eebb-fgdh 507
5638
1
5639
1
fgdi-fgdj 507
5640
2
5641
2
5642
1
fgej-fgec 507
5643
2
5644
2
5645
1
5646
3
5647
1
5648
1
5649
2
5650
2
fged-fgfa 507
5651
1
5652
1
5653
1
5654
2
5655
1
5656
1
5657
2
5658
2
fgjc-fgfi 507
5659
1
5660
1
fggb-fgga 507
5661
1
5662
1
5663
1
5664
1
5665
1
5666
1
fgid-fggg 507
5667
1
fgfh-fggh 507
5668
1
5669
1
5670
1
5671
1
fgij-fghb 507
5672
1
5673
1
5674
2
5675
1
fghi-fghf 507
5676
2
5677
1
5678
1
5679
1
5680
1
5681
1
5682
2
5683
6
fgjb-fgid 58
fgjd-fgid 216
fgje-fgid 16
fgjf-fgid 74
fgjg-fgid 16
fgjh-fgid 124
5684
1
5685
1
5686
3
fgjc-fgig 507
5687
1
5688
2
5689
1
5690
1
5691
2
5692
2
5693
1
5694
2
5695
3
5696
1
5697
1
5698
1
5699
1
5700
1
5701
1
5702
1
5703
1
5704
1
5705
1
5706
1
5707
1
5708
1
5709
1
5710
1
5711
1
5712
1
5713
1
5714
1
5715
1
5716
2
5717
2
5718
1
5719
1
5720
1
5721
2
5722
1
5723
1
5724
2
5725
1
5726
1
5727
1
5728
1
5729
1
5730
1
fhdb-fhda 507
5731
1
fhec-fhdb 507
5732
1
5733
1
5734
1
5735
1
5736
1
5737
1
5738
1
5739
1
5740
1
5741
1
5742
1
5743
1
5744
1
fhed-fhee 507
5745
1
5746
2
5747
1
5748
1
5749
1
5750
1
5751
1
5752
1
5753
2
5754
2
5755
1
fhfi-fhff 507
5756
2
5757
1
5758
4
fhgd-fhfi 507
5759
1
5760
1
5761
1
5762
1
5763
2
5764
1
5765
2
5766
1
5767
2
fhfd-fhgh 507
5768
3
fhgh-fhgi 507
5769
1
fhff-fhgj 507
5770
3
5771
2
5772
1
5773
1
5774
1
5775
1
5776
1
5777
2
5778
4
5779
2
5780
3
gbea-fhia 507
5781
3
fhjf-fhib 507
5782
2
5783
1
5784
2
5785
2
fhib-fhif 507
5786
2
5787
1
5788
1
5789
1
5790
1
5791
2
eggf-fhjb 507
5792
1
5793
1
5794
1
5795
2
5796
1
5797
1
5798
1
5799
1
5800
2
5801
1
5802
1
5803
1
5804
1
5805
1
5806
2
5807
3
fiai-fiah 507
5808
2
5809
5
fidg-fiaj 507
5810
1
fiag-fiba 507
5811
1
5812
2
5813
1
5814
2
5815
1
5816
1
5817
2
5818
1
5819
2
5820
4
5821
1
5822
2
fidh-ficc 507
5823
1
5824
2
5825
1
5826
1
5827
1
5828
1
5829
1
5830
1
5831
1
5832
1
5833
1
5834
3
5835
3
fifa-fidf 507
5836
1
5837
3
fifa-fidh 507
5838
2
5839
1
5840
1
fieb-fiea 507
5841
4
fide-fieb 50
fidf-fieb 456
5842
1
5843
1
5844
2
5845
3
5846
1
5847
1
5848
1
5849
1
5850
2
fiee-fifa 507
5851
1
5852
1
5853
2
eiag-fifd 507
5854
1
5855
3
5856
1
fibe-fifg 507
5857
1
5858
1
5859
1
5860
1
5861
1
5862
1
5863
1
5864
2
5865
1
5866
1
5867
1
5868
1
5869
1
5870
1
5871
1
5872
1
5873
1
5874
1
5875
1
5876
1
5877
1
5878
1
5879
1
5880
1
5881
1
5882
1
5883
1
5884
1
5885
1
5886
2
5887
1
5888
2
5889
1
5890
2
5891
2
fdic-fijb 507
5892
1
5893
1
5894
1
5895
2
5896
1
5897
1
fjaf-fijh 507
5898
2
5899
1
5900
1
5901
1
5902
2
5903
1
fiji-fjad 507
5904
2
5905
4
5906
1
5907
1
5908
1
5909
1
5910
2
fjcg-fjba 507
5911
1
5912
1
5913
1
5914
1
5915
1
5916
2
5917
1
5918
1
fjbh-fjbi 507
5919
1
5920
1
5921
1
5922
1
5923
1
5924
1
5925
1
5926
1
5927
1
5928
1
5929
2
5930
1
5931
1
5932
1
5933
1
5934
1
5935
1
5936
1
5937
1
5938
1
5939
2
5940
1
5941
1
5942
1
5943
1
5944
1
5945
1
5946
1
5947
1
5948
1
5949
1
5950
1
5951
1
5952
1
5953
1
5954
1
5955
1
5956
1
5957
2
5958
1
fjfe-fjfi 507
5959
2
fjie-fjfj 507
5960
2
5961
1
5962
2
5963
1
5964
1
5965
2
5966
2
fjig-fjgg 507
5967
1
5968
2
5969
1
5970
1
fjie-fjha 507
5971
1
5972
1
5973
1
5974
1
5975
1
fjif-fjhf 507
5976
1
5977
1
5978
1
fjfh-fjhi 507
5979
1
5980
1
5981
1
5982
1
5983
2
5984
2
5985
1
5986
1
5987
1
5988
1
5989
1
5990
1
5991
3
5992
1
fjjb-fjjc 507
5993
1
5994
1
5995
2
5996
2
5997
2
5998
1
5999
1
6000
2
6001
1
6002
1
fjjh-gaac 507
6003
1
6004
1
6005
1
6006
2
6007
1
6008
1
6009
2
6010
1
6011
1
6012
1
6013
1
6014
1
6015
1
6016
1
6017
1
6018
1
6019
1
6020
1
6021
1
6022
1
6023
1
6024
1
6025
1
6026
1
gacc-gacg 507
6027
2
6028
1
6029
1
6030
1
6031
1
6032
1
6033
1
6034
1
6035
1
6036
1
6037
1
6038
1
6039
2
6040
1
6041
2
gdbf-gaeb 507
6042
1
6043
1
6044
1
6045
1
6046
1
gafc-gaeg 507
6047
1
6048
1
6049
1
6050
1
6051
1
6052
1
6053
2
6054
1
6055
1
6056
1
gaff-gafg 507
6057
1
6058
1
6059
1
6060
1
6061
1
gcfe-gagb 507
6062
1
6063
1
6064
1
6065
1
6066
1
6067
1
6068
1
6069
1
6070
1
6071
1
6072
1
6073
1
6074
1
6075
1
6076
1
6077
1
6078
1
6079
1
6080
1
6081
1
6082
1
6083
3
fgih-gaid 507
6084
1
6085
1
6086
1
6087
4
6088
5
6089
2
6090
1
6091
1
6092
1
gaii-gajc 507
6093
2
gaih-gajd 507
6094
2
gaii-gaje 507
6095
1
6096
2
6097
1
6098
1
6099
2
6100
1
6101
1
6102
1
6103
1
6104
1
6105
1
6106
3
6107
1
6108
1
gbah-gbai 507
6109
1
6110
1
6111
1
6112
1
6113
1
6114
1
6115
1
6116
1
6117
1
6118
1
6119
1
6120
1
6121
1
6122
2
gbbg-gbcc 507
6123
1
6124
1
6125
1
6126
1
6127
2
6128
2
gbcg-gbci 507
6129
3
6130
1
6131
1
6132
2
fgfi-gbdc 507
6133
2
6134
8
6135
2
gbdb-gbdf 507
6136
2
6137
1
6138
1
6139
2
6140
1
6141
1
6142
1
6143
1
6144
1
6145
2
6146
1
6147
1
6148
1
6149
1
6150
1
6151
1
6152
1
6153
1
6154
1
6155
1
6156
1
6157
2
gbga-gbfh 507
6158
1
6159
1
6160
1
6161
5
gbfi-gbgb 507
6162
1
6163
1
6164
1
6165
1
6166
1
6167
1
6168
2
gidh-gbgi 507
6169
1
6170
1
6171
1
6172
1
6173
1
6174
1
6175
1
6176
1
6177
1
6178
1
6179
3
6180
1
gcba-gbia 507
6181
1
6182
2
6183
1
6184
2
6185
1
6186
1
6187
1
6188
1
6189
2
6190
2
6191
1
6192
1
gbhj-gbjc 507
6193
2
6194
1
6195
1
6196
2
6197
1
6198
1
6199
2
6200
1
6201
1
6202
1
6203
2
6204
1
6205
2
6206
1
6207
1
6208
1
6209
1
6210
2
6211
1
6212
3
6213
2
6214
1
6215
1
6216
1
gbja-gcbg 507
6217
1
6218
1
6219
1
6220
1
6221
1
6222
1
6223
1
6224
1
6225
1
6226
1
6227
1
6228
1
6229
1
6230
1
gcdf-gcda 507
6231
1
6232
1
6233
1
6234
1
6235
1
6236
1
6237
1
6238
1
6239
1
6240
1
6241
1
6242
1
6243
1
6244
1
6245
1
6246
1
6247
1
6248
1
6249
1
6250
2
6251
1
6252
1
6253
1
6254
3
6255
1
6256
1
6257
1
6258
1
6259
1
6260
1
6261
1
6262
1
6263
1
6264
1
6265
1
6266
1
6267
1
6268
2
6269
2
6270
3
6271
1
6272
1
6273
1
6274
1
6275
2
6276
1
6277
1
6278
1
6279
1
6280
1
6281
1
gcic-gcib 507
6282
1
6283
1
6284
1
6285
1
6286
1
6287
1
6288
1
6289
1
6290
1
6291
1
6292
1
6293
1
6294
1
gcjf-gcje 507
6295
1
6296
1
6297
1
6298
1
6299
1
6300
1
6301
1
6302
3
6303
1
gdaf-gdad 507
6304
1
6305
1
6306
1
6307
1
6308
1
6309
1
6310
1
6311
2
6312
4
gdbg-gdbc 507
6313
2
6314
1
6315
1
6316
1
6317
1
6318
1
6319
1
6320
1
6321
2
gece-gdcb 507
6322
2
6323
1
6324
1
6325
1
6326
2
6327
1
6328
1
6329
1
6330
1
6331
2
6332
1
6333
1
6334
2
6335
1
6336
2
6337
1
6338
2
6339
1
6340
1
6341
1
6342
1
6343
1
6344
1
6345
1
6346
1
6347
1
6348
1
6349
1
6350
2
6351
1
6352
1
6353
1
6354
1
6355
1
gdga-gdff 507
6356
1
6357
1
6358
1
6359
1
6360
2
6361
1
6362
2
gdfd-gdgc 507
6363
1
6364
2
6365
2
6366
1
6367
1
6368
1
6369
1
6370
1
6371
3
6372
1
6373
2
6374
2
6375
1
6376
1
6377
1
6378
1
6379
1
6380
1
6381
1
6382
1
6383
2
6384
1
6385
1
6386
1
gdij-gdig 507
6387
1
6388
1
6389
1
6390
1
6391
1
6392
1
6393
1
6394
1
6395
1
6396
1
6397
1
6398
1
6399
1
6400
1
6401
1
6402
2
6403
1
6404
1
6405
1
6406
1
6407
1
6408
1
6409
2
6410
1
6411
1
6412
1
geac-gebc 507
6413
1
6414
1
6415
1
6416
1
6417
2
gece-gebh 507
6418
1
6419
2
6420
1
6421
2
6422
1
6423
1
6424
3
6425
2
6426
3
6427
3
6428
1
6429
1
gede-gecj 507
6430
1
6431
2
6432
1
6433
1
6434
3
gech-gede 507
6435
1
gech-gedf 507
6436
2
6437
1
6438
1
6439
1
6440
1
6441
1
6442
1
6443
1
6444
1
6445
1
6446
1
6447
4
6448
1
6449
1
6450
1
6451
1
6452
1
6453
1
6454
1
6455
1
6456
2
6457
1
6458
1
6459
1
6460
1
gefh-gega 507
6461
1
6462
1
6463
3
geii-gegd 112
geja-gegd 394
6464
1
6465
1
6466
1
6467
1
6468
1
6469
1
6470
1
6471
1
6472
1
6473
1
gejb-gehd 507
6474
1
6475
1
6476
2
6477
1
6478
1
6479
3
6480
2
6481
1
6482
1
6483
1
6484
4
6485
1
6486
1
6487
1
geie-geih 507
6488
1
6489
1
6490
2
6491
1
6492
1
6493
1
6494
1
6495
1
6496
1
6497
3
6498
2
6499
1
6500
1
6501
2
6502
2
6503
1
6504
1
6505
1
gfde-gfaf 507
6506
2
6507
1
6508
2
6509
1
6510
1
6511
1
gfbf-gfbb 507
6512
1
6513
1
6514
1
6515
7
gfdh-gfbf 314
gfdj-gfbf 28
gfec-gfbf 163
6516
1
6517
1
6518
1
6519
2
6520
1
6521
1
gfdd-gfcb 507
6522
1
6523
1
6524
1
6525
1
6526
1
6527
1
6528
1
6529
1
6530
1
6531
1
6532
1
6533
2
gfea-gfdd 345
gfec-gfdd 161
6534
1
6535
1
6536
1
6537
1
6538
1
6539
1
6540
1
6541
1
6542
1
6543
1
6544
2
6545
1
6546
1
6547
1
6548
1
gfej-gfei 507
6549
4
gfha-gfej 345
gfhd-gfej 161
6550
3
6551
1
6552
1
6553
1
6554
1
6555
1
6556
1
6557
1
6558
2
ggda-gffi 507
6559
2
6560
1
gfif-gfga 507
6561
1
6562
1
6563
1
6564
2
6565
2
6566
1
6567
1
6568
1
6569
1
6570
1
6571
1
gffa-gfhb 507
6572
3
gfhf-gfhc 507
6573
2
gfhc-gfhd 507
6574
1
6575
4
6576
1
6577
2
6578
2
6579
1
6580
1
6581
4
gfhj-gfib 253
ggcc-gfib 253
6582
1
6583
1
6584
1
6585
1
6586
1
6587
1
6588
1
6589
1
6590
1
6591
1
6592
2
gfgh-gfjc 507
6593
1
6594
1
6595
2
6596
1
6597
2
ggad-gfjh 507
6598
1
6599
1
6600
1
6601
1
6602
1
6603
1
6604
2
6605
1
6606
2
gffd-ggag 105
gfff-ggag 401
6607
1
6608
1
ggah-ggai 507
6609
3
6610
2
6611
3
ggag-ggbb 507
6612
2
ggbb-ggbc 507
6613
1
6614
2
6615
1
6616
1
6617
1
6618
1
6619
1
6620
1
6621
1
6622
1
6623
2
6624
1
6625
1
6626
1
6627
1
6628
1
6629
1
ggda-ggcj 507
6630
2
6631
1
6632
2
6633
1
6634
1
6635
1
6636
2
6637
1
6638
1
gfjh-ggdi 507
6639
1
6640
2
6641
1
6642
1
6643
2
ggag-gged 507
6644
1
6645
1
6646
1
6647
3
6648
2
gghe-ggei 507
6649
3
ggbj-ggej 507
6650
2
6651
1
6652
1
6653
1
6654
1
6655
1
6656
1
6657
2
6658
1
6659
2
6660
1
6661
1
ggfj-gggb 507
6662
1
gggd-gggc 507
6663
1
6664
1
6665
1
6666
1
6667
2
6668
1
6669
1
6670
1
6671
1
6672
1
6673
1
6674
1
6675
1
6676
1
6677
1
6678
1
gghh-gghi 507
6679
1
6680
1
6681
2
ghad-ggib 507
6682
1
6683
1
ggii-ggid 507
6684
1
6685
1
6686
1
6687
2
6688
3
ghac-ggii 507
6689
1
6690
1
6691
1
6692
1
6693
2
6694
1
6695
1
6696
1
6697
1
6698
1
6699
1
6700
1
6701
1
6702
1
6703
1
6704
2
6705
2
6706
1
6707
1
6708
1
fbea-ghai 507
6709
1
6710
1
6711
1
6712
1
6713
2
6714
2
6715
1
6716
1
ghbe-ghbg 507
6717
1
6718
1
6719
2
6720
1
6721
1
6722
1
ghbh-ghcc 507
6723
2
6724
1
6725
1
6726
1
6727
1
6728
1
6729
1
6730
1
6731
1
6732
1
6733
1
6734
1
6735
1
6736
1
6737
1
6738
1
6739
1
6740
1
6741
2
6742
2
6743
2
efic-ghed 507
6744
2
6745
2
6746
1
6747
1
6748
2
6749
1
6750
2
6751
1
6752
1
6753
1
6754
1
ghfc-ghfe 507
6755
1
6756
1
6757
2
6758
1
6759
2
6760
2
ghed-ghga 507
6761
1
6762
2
6763
1
6764
2
6765
1
6766
2
fehc-ghgg 507
6767
1
6768
3
6769
1
6770
1
6771
1
6772
1
6773
1
6774
1
6775
1
6776
1
6777
1
6778
1
6779
1
6780
1
6781
1
6782
1
6783
2
ghhh-ghid 107
ghhi-ghid 399
6784
1
6785
1
6786
1
6787
1
6788
2
6789
1
6790
1
6791
1
6792
1
6793
1
6794
1
6795
1
6796
1
6797
1
6798
1
6799
1
6800
1
6801
2
6802
1
6803
1
giac-giad 507
6804
2
6805
1
gibf-giaf 507
6806
2
6807
1
6808
1
6809
1
6810
1
giae-giba 507
6811
1
6812
2
6813
1
6814
2
6815
1
6816
1
6817
1
6818
1
giae-gibi 507
6819
1
6820
1
6821
1
6822
2
6823
1
6824
1
6825
1
6826
1
6827
1
6828
1
6829
1
6830
1
6831
2
6832
1
6833
1
6834
1
6835
1
gidg-gidf 507
6836
2
6837
3
6838
1
6839
1
6840
1
6841
1
6842
2
6843
1
6844
1
6845
1
6846
1
6847
2
gidg-gieh 507
6848
2
6849
1
6850
1
6851
2
6852
2
6853
1
6854
2
6855
1
6856
1
6857
1
6858
1
6859
1
6860
1
gife-giga 507
6861
1
6862
1
6863
1
6864
1
6865
2
figf-gigf 507
6866
1
6867
1
6868
2
6869
3
gigi-gigj 507
6870
1
6871
1
6872
1
6873
2
6874
1
6875
1
6876
1
6877
1
6878
2
6879
1
6880
1
6881
5
6882
1
6883
2
6884
3
6885
2
6886
1
6887
1
6888
1
6889
1
giie-giij 507
6890
3
6891
1
6892
1
6893
2
6894
1
6895
1
6896
2
6897
1
6898
1
6899
1
6900
1
gjab-gjaa 507
6901
2
6902
1
6903
1
6904
1
6905
1
6906
1
6907
1
6908
1
6909
1
6910
1
6911
1
6912
1
6913
1
6914
1
6915
1
6916
1
6917
1
6918
1
6919
1
6920
1
6921
1
6922
1
6923
1
6924
1
6925
1
6926
1
6927
1
6928
1
6929
1
6930
1
6931
1
6932
1
6933
1
6934
1
6935
1
6936
1
6937
1
6938
1
6939
1
6940
1
6941
1
6942
1
6943
1
6944
1
6945
1
6946
1
6947
1
6948
1
6949
1
6950
1
6951
2
6952
1
6953
1
6954
1
6955
1
6956
1
6957
1
6958
1
6959
1
6960
1
6961
1
6962
2
6963
1
6964
1
6965
2
gjhd-gjgf 507
6966
1
6967
1
6968
1
6969
3
6970
3
gjgj-gjha 507
6971
2
gjha-gjhb 169
gjhd-gjhb 338
6972
1
6973
2
6974
1
6975
1
6976
2
6977
1
6978
1
6979
1
gaee-gjhj 507
6980
2
6981
2
6982
2
6983
1
6984
1
6985
3
6986
2
6987
2
6988
1
6989
1
6990
1
6991
1
6992
1
6993
1
6994
1
6995
1
6996
1
6997
2
6998
2
6999
1
7000
1
7001
1
7002
1
7003
1
7004
1
7005
1
7006
1
7007
1
7008
1
7009
1
7010
1
7011
1
7012
1
7013
1
7014
1
7015
1
hacb-habf 507
7016
2
7017
1
7018
1
7019
1
7020
1
7021
2
7022
3
haei-hacc 507
7023
1
7024
4
hadi-hace 507
7025
4
7026
2
7027
1
7028
2
7029
2
hach-hacj 507
7030
2
7031
2
7032
1
7033
2
hadc-hadd 507
7034
2
7035
3
7036
2
7037
4
hafe-hadh 422
hagf-hadh 84
7038
2
7039
2
7040
1
7041
2
7042
2
7043
2
7044
2
7045
2
7046
2
7047
2
7048
1
7049
2
7050
2
7051
2
haea-hafb 507
7052
2
7053
3
7054
2
7055
2
7056
2
7057
2
7058
2
hahc-hafi 507
7059
2
hacj-hafj 507
7060
2
7061
2
7062
2
7063
1
7064
2
7065
1
7066
2
hadf-hagg 507
7067
2
7068
2
hafd-hagi 507
7069
2
hadi-hagj 507
7070
2
7071
2
7072
1
